Nombre de points: 121
Nombre de triangles: 200

Points:
0 0 0
1 0.1 0
2 0.2 0
3 0.3 0
4 0.4 0
5 0.5 0
6 0.6 0
7 0.7 0
8 0.8 0
9 0.9 0
10 1 0
11 0 0.1
12 0.1 0.1
13 0.2 0.1
14 0.3 0.1
15 0.4 0.1
16 0.5 0.1
17 0.6 0.1
18 0.7 0.1
19 0.8 0.1
20 0.9 0.1
21 1 0.1
22 0 0.2
23 0.1 0.2
24 0.2 0.2
25 0.3 0.2
26 0.4 0.2
27 0.5 0.2
28 0.6 0.2
29 0.7 0.2
30 0.8 0.2
31 0.9 0.2
32 1 0.2
33 0 0.3
34 0.1 0.3
35 0.2 0.3
36 0.3 0.3
37 0.4 0.3
38 0.5 0.3
39 0.6 0.3
40 0.7 0.3
41 0.8 0.3
42 0.9 0.3
43 1 0.3
44 0 0.4
45 0.1 0.4
46 0.2 0.4
47 0.3 0.4
48 0.4 0.4
49 0.5 0.4
50 0.6 0.4
51 0.7 0.4
52 0.8 0.4
53 0.9 0.4
54 1 0.4
55 0 0.5
56 0.1 0.5
57 0.2 0.5
58 0.3 0.5
59 0.4 0.5
60 0.5 0.5
61 0.6 0.5
62 0.7 0.5
63 0.8 0.5
64 0.9 0.5
65 1 0.5
66 0 0.6
67 0.1 0.6
68 0.2 0.6
69 0.3 0.6
70 0.4 0.6
71 0.5 0.6
72 0.6 0.6
73 0.7 0.6
74 0.8 0.6
75 0.9 0.6
76 1 0.6
77 0 0.7
78 0.1 0.7
79 0.2 0.7
80 0.3 0.7
81 0.4 0.7
82 0.5 0.7
83 0.6 0.7
84 0.7 0.7
85 0.8 0.7
86 0.9 0.7
87 1 0.7
88 0 0.8
89 0.1 0.8
90 0.2 0.8
91 0.3 0.8
92 0.4 0.8
93 0.5 0.8
94 0.6 0.8
95 0.7 0.8
96 0.8 0.8
97 0.9 0.8
98 1 0.8
99 0 0.9
100 0.1 0.9
101 0.2 0.9
102 0.3 0.9
103 0.4 0.9
104 0.5 0.9
105 0.6 0.9
106 0.7 0.9
107 0.8 0.9
108 0.9 0.9
109 1 0.9
110 0 1
111 0.1 1
112 0.2 1
113 0.3 1
114 0.4 1
115 0.5 1
116 0.6 1
117 0.7 1
118 0.8 1
119 0.9 1
120 1 1

Triangles:
0 0 1 11 1
1 1 11 12 1
2 1 2 12 1
3 2 12 13 1
4 2 3 13 1
5 3 13 14 1
6 3 4 14 1
7 4 14 15 1
8 4 5 15 1
9 5 15 16 1
10 5 6 16 1
11 6 16 17 1
12 6 7 17 1
13 7 17 18 1
14 7 8 18 1
15 8 18 19 1
16 8 9 19 1
17 9 19 20 1
18 9 10 20 1
19 10 20 21 1
20 11 12 22 1
21 12 22 23 1
22 12 13 23 1
23 13 23 24 1
24 13 14 24 1
25 14 24 25 1
26 14 15 25 1
27 15 25 26 1
28 15 16 26 1
29 16 26 27 1
30 16 17 27 1
31 17 27 28 1
32 17 18 28 1
33 18 28 29 1
34 18 19 29 1
35 19 29 30 1
36 19 20 30 1
37 20 30 31 1
38 20 21 31 1
39 21 31 32 1
40 22 23 33 1
41 23 33 34 1
42 23 24 34 1
43 24 34 35 1
44 24 25 35 1
45 25 35 36 1
46 25 26 36 1
47 26 36 37 1
48 26 27 37 1
49 27 37 38 1
50 27 28 38 1
51 28 38 39 1
52 28 29 39 1
53 29 39 40 1
54 29 30 40 1
55 30 40 41 1
56 30 31 41 1
57 31 41 42 1
58 31 32 42 1
59 32 42 43 1
60 33 34 44 1
61 34 44 45 1
62 34 35 45 1
63 35 45 46 1
64 35 36 46 1
65 36 46 47 1
66 36 37 47 1
67 37 47 48 1
68 37 38 48 1
69 38 48 49 1
70 38 39 49 1
71 39 49 50 1
72 39 40 50 1
73 40 50 51 1
74 40 41 51 1
75 41 51 52 1
76 41 42 52 1
77 42 52 53 1
78 42 43 53 1
79 43 53 54 1
80 44 45 55 1
81 45 55 56 1
82 45 46 56 1
83 46 56 57 1
84 46 47 57 1
85 47 57 58 1
86 47 48 58 1
87 48 58 59 1
88 48 49 59 1
89 49 59 60 1
90 49 50 60 1
91 50 60 61 1
92 50 51 61 1
93 51 61 62 1
94 51 52 62 1
95 52 62 63 1
96 52 53 63 1
97 53 63 64 1
98 53 54 64 1
99 54 64 65 1
100 55 56 66 1
101 56 66 67 1
102 56 57 67 1
103 57 67 68 1
104 57 58 68 1
105 58 68 69 1
106 58 59 69 1
107 59 69 70 1
108 59 60 70 1
109 60 70 71 1
110 60 61 71 1
111 61 71 72 1
112 61 62 72 1
113 62 72 73 1
114 62 63 73 1
115 63 73 74 1
116 63 64 74 1
117 64 74 75 1
118 64 65 75 1
119 65 75 76 1
120 66 67 77 1
121 67 77 78 1
122 67 68 78 1
123 68 78 79 1
124 68 69 79 1
125 69 79 80 1
126 69 70 80 1
127 70 80 81 1
128 70 71 81 1
129 71 81 82 1
130 71 72 82 1
131 72 82 83 1
132 72 73 83 1
133 73 83 84 1
134 73 74 84 1
135 74 84 85 1
136 74 75 85 1
137 75 85 86 1
138 75 76 86 1
139 76 86 87 1
140 77 78 88 1
141 78 88 89 1
142 78 79 89 1
143 79 89 90 1
144 79 80 90 1
145 80 90 91 1
146 80 81 91 1
147 81 91 92 1
148 81 82 92 1
149 82 92 93 1
150 82 83 93 1
151 83 93 94 1
152 83 84 94 1
153 84 94 95 1
154 84 85 95 1
155 85 95 96 1
156 85 86 96 1
157 86 96 97 1
158 86 87 97 1
159 87 97 98 1
160 88 89 99 1
161 89 99 100 1
162 89 90 100 1
163 90 100 101 1
164 90 91 101 1
165 91 101 102 1
166 91 92 102 1
167 92 102 103 1
168 92 93 103 1
169 93 103 104 1
170 93 94 104 1
171 94 104 105 1
172 94 95 105 1
173 95 105 106 1
174 95 96 106 1
175 96 106 107 1
176 96 97 107 1
177 97 107 108 1
178 97 98 108 1
179 98 108 109 1
180 99 100 110 1
181 100 110 111 1
182 100 101 111 1
183 101 111 112 1
184 101 102 112 1
185 102 112 113 1
186 102 103 113 1
187 103 113 114 1
188 103 104 114 1
189 104 114 115 1
190 104 105 115 1
191 105 115 116 1
192 105 106 116 1
193 106 116 117 1
194 106 107 117 1
195 107 117 118 1
196 107 108 118 1
197 108 118 119 1
198 108 109 119 1
199 109 119 120 1
